-1964.00	-9921.00
-1965.00	-9871.00
-1967.00	-9831.00
-1968.00	-9781.00
-1971.00	-9556.00
-1974.00	-9466.00
-1983.00	-9382.00
-1988.00	-9373.00
-1992.00	-9336.00
-1995.00	-9246.00
-1996.00	-9165.00
-1999.00	-9075.00
-2008.00	-8991.00
-2017.00	-8945.00
-2020.00	-8855.00
-2026.00	-8770.00
-2035.00	-8751.00
-2040.00	-8677.00
-2047.00	-8615.00
-2048.00	-8534.00
-2051.00	-8379.00
-2060.00	-8360.00
-2068.00	-8330.00
-2069.00	-8314.00
-2072.00	-8224.00
-2078.00	-8139.00
-2092.00	-8046.00
-2100.00	-7988.00
-2103.00	-7748.00
-2120.00	-7699.00
-2131.00	-7690.00
-2141.00	-7666.00
-2148.00	-7639.00
-2169.00	-7606.00
-2179.00	-7571.00
-2187.00	-7498.00
-2195.00	-7320.00
-2208.00	-7278.00
-2229.00	-7245.00
-2243.00	-7065.00
-2264.00	-7032.00
-2305.00	-7027.00
-2310.00	-6941.00
-2323.00	-6899.00
-2337.00	-6837.00
-2350.00	-6795.00
-2358.00	-6686.00
-2385.00	-6582.00
-2447.00	-6544.00
-2468.00	-6536.00
-2471.00	-6495.00
-2490.00	-6442.00
-2495.00	-6432.00
-2498.00	-6391.00
-2517.00	-6338.00
-2535.00	-6312.00
-2576.00	-6300.00
-2584.00	-6286.00
-2588.00	-6271.00
-2592.00	-6229.00
-2595.00	-6206.00
-2603.00	-6196.00
-2606.00	-6173.00
-2622.00	-6102.00
-2633.00	-6069.00
-2647.00	-6035.00
-2658.00	-6002.00
-2674.00	-5931.00
-2685.00	-5898.00
-2703.00	-5892.00
-2719.00	-5868.00
-2721.00	-5854.00
-2730.00	-5788.00
-2750.00	-5754.00
-2755.00	-5721.00
-2779.00	-5715.00
-2782.00	-5617.00
-2806.00	-5611.00
-2829.00	-5540.00
-2857.00	-5515.00
-2858.00	-5440.00
-2895.00	-5426.00
-2905.00	-5363.00
-2909.00	-5344.00
-2953.00	-5309.00
-2956.00	-5267.00
-2971.00	-5249.00
-2990.00	-5196.00
-3018.00	-5172.00
-3022.00	-5153.00
-3037.00	-5119.00
-3041.00	-5100.00
-3069.00	-5076.00
-3085.00	-5065.00
-3088.00	-5023.00
-3103.00	-5005.00
-3129.00	-4990.00
-3136.00	-4969.00
-3150.00	-4928.00
-3154.00	-4909.00
-3198.00	-4874.00
-3201.00	-4832.00
-3247.00	-4821.00
-3249.00	-4778.00
-3290.00	-4758.00
-3300.00	-4741.00
-3311.00	-4740.00
-3331.00	-4723.00
-3338.00	-4704.00
-3339.00	-4683.00
-3347.00	-4664.00
-3378.00	-4646.00
-3394.00	-4644.00
-3395.00	-4610.00
-3420.00	-4605.00
-3426.00	-4592.00
-3432.00	-4570.00
-3457.00	-4565.00
-3461.00	-4553.00
-3465.00	-4546.00
-3470.00	-4545.00
-3473.00	-4525.00
-3483.00	-4462.00
-3520.00	-4448.00
-3541.00	-4436.00
-3565.00	-4414.00
-3568.00	-4394.00
-3572.00	-4388.00
-3583.00	-4375.00
-3604.00	-4363.00
-3621.00	-4360.00
-3623.00	-4342.00
-3630.00	-4298.00
-3651.00	-4286.00
-3676.00	-4262.00
-3678.00	-4244.00
-3699.00	-4232.00
-3719.00	-4224.00
-3723.00	-4185.00
-3744.00	-4173.00
-3767.00	-4170.00
-3769.00	-4168.00
-3770.00	-4165.00
-3771.00	-4131.00
-3792.00	-4119.00
-3812.00	-4111.00
-3824.00	-4097.00
-3833.00	-4093.00
-3834.00	-4085.00
-3841.00	-4067.00
-3860.00	-4057.00
-3862.00	-4055.00
-3881.00	-4045.00
-3882.00	-4031.00
-3889.00	-4013.00
-3907.00	-3984.00
-3927.00	-3972.00
-3935.00	-3955.00
-3956.00	-3943.00
-3975.00	-3918.00
-3996.00	-3906.00
-4000.00	-3871.00
-4021.00	-3859.00
-4062.00	-3833.00
-4083.00	-3821.00
-4089.00	-3797.00
-4110.00	-3785.00
-4137.00	-3778.00
-4151.00	-3759.00
-4172.00	-3747.00
-4194.00	-3735.00
-4211.00	-3732.00
-4215.00	-3729.00
-4226.00	-3704.00
-4241.00	-3697.00
-4242.00	-3681.00
-4266.00	-3676.00
-4283.00	-3661.00
-4294.00	-3647.00
-4300.00	-3638.00
-4311.00	-3617.00
-4331.00	-3607.00
-4332.00	-3605.00
-4355.00	-3602.00
-4357.00	-3600.00
-4359.00	-3563.00
-4380.00	-3551.00
-4400.00	-3543.00
-4416.00	-3541.00
-4421.00	-3531.00
-4421.00	-3525.00
-4442.00	-3513.00
-4448.00	-3489.00
-4469.00	-3477.00
-4485.00	-3463.00
-4506.00	-3451.00
-4521.00	-3436.00
-4533.00	-3409.00
-4554.00	-3397.00
-4574.00	-3389.00
-4595.00	-3377.00
-4595.00	-3371.00
-4610.00	-3362.00
-4616.00	-3359.00
-4622.00	-3335.00
-4643.00	-3323.00
-4684.00	-3297.00
-4705.00	-3285.00
-4762.00	-3281.00
-4768.00	-3257.00
-4789.00	-3245.00
-4825.00	-3235.00
-4830.00	-3219.00
-4851.00	-3207.00
-4887.00	-3197.00
-4908.00	-3185.00
-4936.00	-3182.00
-4942.00	-3179.00
-4948.00	-3155.00
-4969.00	-3143.00
-5010.00	-3117.00
-5031.00	-3105.00
-5102.00	-3104.00
-5113.00	-3103.00
-5124.00	-3099.00
-5130.00	-3075.00
-5151.00	-3063.00
-5163.00	-3062.00
-5192.00	-3037.00
-5213.00	-3025.00
-5225.00	-3024.00
-5294.00	-3015.00
-5315.00	-3003.00
-5345.00	-2982.00
-5407.00	-2944.00
-5500.00	-2937.00
-5509.00	-2922.00
-5579.00	-2900.00
-5600.00	-2888.00
-5653.00	-2879.00
-5703.00	-2874.00
-5720.00	-2872.00
-5732.00	-2845.00
-5782.00	-2834.00
-5794.00	-2807.00
-5887.00	-2800.00
-5897.00	-2793.00
-5977.00	-2781.00
-5996.00	-2765.00
-6089.00	-2758.00
-6099.00	-2751.00
-6179.00	-2739.00
-6241.00	-2732.00
-6261.00	-2731.00
-6282.00	-2725.00
-6318.00	-2709.00
-6355.00	-2708.00
-6366.00	-2704.00
-6382.00	-2700.00
-6421.00	-2695.00
-6435.00	-2691.00
-6469.00	-2678.00
-6502.00	-2670.00
-6514.00	-2657.00
-6559.00	-2648.00
-6564.00	-2646.00
-6576.00	-2619.00
-6669.00	-2612.00
-6679.00	-2605.00
-6727.00	-2594.00
-6759.00	-2593.00
-6778.00	-2577.00
-6834.00	-2562.00
-6859.00	-2551.00
-6909.00	-2540.00
-6921.00	-2513.00
-6995.00	-2499.00
-7098.00	-2485.00
-7123.00	-2471.00
-7197.00	-2457.00
-7300.00	-2443.00
-7322.00	-2426.00
-7423.00	-2418.00
-7435.00	-2391.00
-7504.00	-2388.00
-7516.00	-2361.00
-7637.00	-2349.00
-7699.00	-2335.00
-7718.00	-2319.00
-7856.00	-2318.00
-7901.00	-2293.00
-8039.00	-2292.00
-8090.00	-2290.00
-8128.00	-2287.00
-8155.00	-2281.00
-8166.00	-2280.00
-8219.00	-2277.00
-8231.00	-2273.00
-8262.00	-2265.00
-8300.00	-2257.00
-8338.00	-2255.00
-8418.00	-2250.00
-8438.00	-2242.00
-8445.00	-2239.00
-8483.00	-2231.00
-8601.00	-2224.00
-8621.00	-2216.00
-8759.00	-2215.00
-8770.00	-2209.00
-8857.00	-2206.00
-8920.00	-2193.00
-9033.00	-2183.00
-9171.00	-2182.00
-9222.00	-2180.00
-9233.00	-2177.00
-9256.00	-2170.00
-9330.00	-2168.00
-9342.00	-2159.00
-9409.00	-2154.00
-9432.00	-2147.00
-9439.00	-2144.00
-9583.00	-2142.00
-9603.00	-2134.00
-9615.00	-2121.00
-9804.00	-2118.00
-9933.00	-2114.00
-10015.00	-2101.00
-10166.00	-2100.00
-10204.00	-2098.00
-10236.00	-2096.00
-10248.00	-2087.00
-10300.00	-2086.00
-10345.00	-2081.00
-10444.00	-2075.00
-10489.00	-2070.00
-10578.00	-2067.00
-10716.00	-2066.00
-10767.00	-2064.00
-10905.00	-2063.00
 -1963.00	-10164.00
